33

8 1
..-0..-+
1 2
2 3
2 4
1 5
5 6
6 7
6 8

8 1
..-0..0+
1 2
2 3
2 4
1 5
5 6
6 7
6 8

6 0
...-++
1 2
2 3
2 4
3 5
3 6

6 1
...-++
1 2
2 3
2 4
3 5
3 6

6 2
...-++
1 2
2 3
2 4
3 5
3 6

6 0
...---
1 2
2 3
2 4
3 5
3 6

6 1
...---
1 2
2 3
2 4
3 5
3 6

6 2
...---
1 2
2 3
2 4
3 5
3 6

6 0
...+--
1 2
2 3
2 4
3 5
3 6

6 1
...+--
1 2
2 3
2 4
3 5
3 6

6 2
...+--
1 2
2 3
2 4
3 5
3 6

9 1
....++---
1 2
1 3
1 4
2 5
2 6
3 7
4 8
4 9

9 0
....++---
1 2
1 3
1 4
2 5
2 6
3 7
4 8
4 9

7 3
..-.++-
1 2
1 3
2 4
2 5
4 6
4 7

7 3
..+.--+
1 2
1 3
2 4
2 5
4 6
4 7

7 3
..+.-0-
1 2
1 3
2 4
2 5
4 6
4 7

7 3
..0.-+0
1 2
1 3
2 4
2 5
4 6
4 7

7 2
..-.++-
1 2
1 3
2 4
2 5
4 6
4 7

7 2
..+.--+
1 2
1 3
2 4
2 5
4 6
4 7

7 2
..+.-0-
1 2
1 3
2 4
2 5
4 6
4 7

7 2
..0.-+0
1 2
1 3
2 4
2 5
4 6
4 7

7 1
..-.++-
1 2
1 3
2 4
2 5
4 6
4 7

7 1
..+.--+
1 2
1 3
2 4
2 5
4 6
4 7

7 1
..+.-0-
1 2
1 3
2 4
2 5
4 6
4 7

7 1
..0.-+0
1 2
1 3
2 4
2 5
4 6
4 7

7 0
..-.++-
1 2
1 3
2 4
2 5
4 6
4 7

7 0
..+.--+
1 2
1 3
2 4
2 5
4 6
4 7

7 0
..+.-0-
1 2
1 3
2 4
2 5
4 6
4 7

7 0
..0.-+0
1 2
1 3
2 4
2 5
4 6
4 7

9 2
...--+.--
1 2
1 3
2 4
2 5
3 6
3 7
7 8
7 9

9 2
...++-.++
1 2
1 3
2 4
2 5
3 6
3 7
7 8
7 9

9 2
...++0.--
1 2
1 3
2 4
2 5
3 6
3 7
7 8
7 9

9 2
...--0.++
1 2
1 3
2 4
2 5
3 6
3 7
7 8
7 9