5 -95 -17 64 -4 72
4 10 25 63 53
8 93 70 81 -74 -17 -2 -18 -14
6 -78 30 77 -76 52 77
4 -60 -42 -53 51
14 50 -98 -8 -99 -8 70 -59 -87 23 76 -4 38 -23 43
2 -33 23
13 -43 -97 -5 84 0 -8 -2 -28 -48 4 27 -96 82
9 -28 -61 9 14 -92 -6 -3 -65 80
8 51 14 59 -70 -91 58 60 78
7 59 -47 -2 -9 -59 68 4
12 -75 42 49 -72 38 -89 -75 -21 72 -52 67 -61
8 11 -95 58 -79 -55 -13 11 -60
4 31 -19 -38 -99
6 70 45 -18 -29 -24 -10
10 -39 -17 79 -21 81 -12 -27 -11 -30 57
2 67 -99
7 10 38 -55 3 -41 -47 6
14 -28 -89 58 -14 23 -70 61 -18 18 -66 -60 -60 -22 -46
7 -54 -63 89 85 -49 -47 -25
1 29
4 -90 43 -59 81
14 -81 -12 2 22 -25 -1 46 -41 60 -29 -29 -38 -52 10
13 79 -50 -28 -52 75 86 -63 92 -79 5 -17 53 -91
9 -5 -63 97 83 -38 90 44 75 87
1 -1
8 -44 -47 19 72 -63 21 72 77
2 -73 -60
3 65 78 -35
14 68 17 -53 40 64 -4 -90 -20 -20 32 -44 -22 -50 -99
14 91 -32 20 -91 66 -34 95 -79 -13 43 -73 49 -62 79
2 30 -99
11 -1 92 68 -38 -40 21 -84 -84 -43 -98 4
6 79 -58 59 66 -33 -11
1 76
14 81 82 24 -37 -76 7 73 -71 -84 62 41 -39 0 95
4 -11 -84 -28 57
13 -3 -58 -6 -5 35 16 -88 -69 -7 7 -45 -89 68
4 -35 -21 74 10
10 78 83 -86 63 17 86 19 82 79 -48
6 -81 27 -74 -98 -39 34
9 -87 -2 -1 22 -47 12 54 74 -70
2 73 -44
3 72 30 67
5 -97 15 -63 38 -69
4 -41 -32 21 -44
9 76 97 27 69 95 31 -1 -53 -29
1 82
4 37 22 76 22
3 25 42 73
1 77
13 -94 28 44 47 24 45 -87 50 69 -59 75 43 8
12 -56 97 3 99 -96 7 57 13 30 -19 68 -69
10 0 -35 74 -80 1 -83 -16 33 -56 -87
8 -34 -44 90 84 -78 -8 -52 85
14 4 1 61 -45 79 -42 30 -16 -99 70 49 17 48 85
2 -9 8
8 -31 22 -71 56 70 -41 72 -34
9 -38 39 -36 -49 -12 -17 -82 79 11
11 -67 26 -25 -87 -29 -33 -93 -43 43 -48 58
10 -5 -39 58 21 -45 -74 96 -57 35 -19
3 -16 -2 29
12 39 95 66 80 94 -88 -47 -78 29 82 88 41
5 -86 77 -85 16 -47
11 -98 85 -20 -73 -4 55 -21 -38 -52 75 58
7 -84 -90 48 39 78 -49 -100
10 -48 3 90 -72 35 -77 43 12 -28 -97
9 87 34 15 -32 -79 -94 27 69 77
9 4 21 91 -48 88 58 95 56 3
8 -43 19 -67 37 92 41 -40 46
14 64 -52 -99 34 63 -37 23 -70 83 41 -58 -34 38 95
13 87 17 13 -22 28 -27 -89 71 96 88 66 -53 64
2 20 8
9 26 -50 -12 -6 95 -83 -75 -14 3
1 -3
4 -35 -64 -55 -79
6 47 25 -64 100 -12 3
7 -54 -9 1 35 66 -93 78
2 -61 67
5 7 -17 -76 -89 96
2 -14 7
11 -37 -57 2 90 76 -78 -10 -7 45 1 40
14 -4 41 -37 97 -29 63 75 -93 88 -19 -78 -2 72 53
7 81 79 -18 -93 4 -8 -19
7 76 47 -97 30 89 -88 -61
12 65 73 83 -51 15 59 -22 94 -26 -33 -66 79
1 42
1 79
7 86 -64 20 -34 -67 -39 92
10 -14 -11 69 -14 -55 54 -83 71 12 -62
7 68 66 -26 87 2 -90 -93
2 -77 91
1 88
4 -65 -52 8 -40
9 37 35 5 27 -61 8 -44 100 34
14 -48 83 -22 -49 9 55 35 87 58 57 22 34 -14 -70
11 48 87 1 49 -77 -16 69 0 -29 92 -75
8 -95 -45 41 6 98 -8 -44 -99
14 -91 7 -24 -19 -2 -34 -60 -47 97 -14 -82 -53 -52 74
5 -18 -47 19 95 -69
6 54 -55 -11 33 -32 -47
4 84 -60 -46 -19
13 8 56 -54 90 16 85 73 46 16 -13 44 46 -36
14 -29 59 -8 1 16 -1 -9 31 73 -56 -19 88 86 94
5 -59 84 61 82 -16
10 -21 4 0 73 -67 90 -30 64 -45 94
10 35 -1 61 49 -13 -80 -48 19 -83 -79
7 78 78 99 -71 -8 -96 98
8 -93 62 -94 -44 -9 4 -52 -11
9 1 35 -80 61 -99 -44 16 9 86
8 -41 -17 63 -98 -75 34 87 -35
14 -8 -48 53 84 17 88 -84 -99 94 -97 -37 28 79 -82
2 97 -47
2 7 -27
11 14 -89 65 -63 17 -89 64 96 5 -55 23
12 98 58 41 -41 -80 40 90 -98 -55 -37 28 99
3 -26 -86 -41
5 -69 -34 -33 -51 44
7 43 55 76 -76 69 0 94
2 79 -14
11 -85 4 76 100 7 -58 -98 9 -67 44 79
4 80 -77 54 -8
14 -70 -74 96 32 -3 23 8 8 -9 -93 60 91 50 32
12 -92 78 -77 -86 -64 84 100 69 14 73 -1 73
13 25 -85 -53 -49 -76 66 89 76 44 -63 19 -62 -66
10 80 10 -71 11 16 -40 -47 -91 99 -8
12 35 -7 45 -18 33 -60 -60 -6 -88 58 2 -52
14 31 -16 -21 -24 -94 55 37 -55 -14 -94 -85 76 -57 -96
7 -48 64 100 100 -22 -65 -76
14 -7 57 -63 -95 -16 63 -2 23 5 -74 94 -65 88 -24
8 63 82 8 63 -35 -57 -46 -86
1 30
5 12 39 -42 -66 81
14 -46 -50 83 -28 37 15 -46 40 -25 -31 -36 -19 3 9
11 23 -40 -36 -47 -48 -94 -61 67 -85 -3 -89
3 14 -14 -68
13 -73 60 -64 -35 -49 -67 40 19 -88 32 -44 -32 -53
5 89 -76 -23 -40 72
2 -85 8
8 -32 -57 -28 -19 -68 19 29 -38
4 96 -81 -68 0
6 -84 -22 52 3 37 65
13 -15 -59 2 -16 28 -81 -63 2 25 86 54 -59 65
1 -10
4 -11 34 -61 -47
5 23 32 29 16 -5
14 35 -69 -90 83 -16 16 48 21 -84 -79 -40 -36 25 5
1 29
7 -83 -19 -85 -83 4 -93 92
3 -12 -93 -53
4 -60 -50 -48 67
12 48 -26 47 88 -78 -99 -25 41 66 -54 -76 -87
6 67 -25 -32 3 -71 -73
1 -66
12 -69 88 6 -38 88 49 -74 -79 -36 -78 -91 -92
7 -13 -81 -97 -61 20 87 78
10 -38 -79 -67 69 -60 2 -10 24 9 -43
4 -19 81 1 -38
1 34
12 56 67 34 24 48 -77 65 -20 -12 98 -66 -47
14 96 95 -99 69 -97 -12 42 58 92 75 -8 -32 -39 -40
14 35 -15 -93 -34 47 29 40 -11 -56 -98 0 3 -5 60
11 47 -99 -11 13 -92 29 -7 -73 64 79 21
14 28 70 49 -25 -32 54 -69 33 -29 96 21 -20 75 -54
6 14 55 69 -48 99 36
7 -7 -56 -22 44 -26 3 62
1 -65
14 18 40 -77 9 61 77 72 -68 68 79 -59 -77 19 -11
2 88 -29
10 26 -83 40 33 -32 82 -88 53 -4 -93
2 -32 -34
10 81 59 -4 -14 91 -22 -35 48 48 -22
7 -13 22 14 -61 -73 -26 40
2 12 61
1 -12
3 93 80 -67
8 -50 -100 71 68 -80 4 -4 84
9 1 -3 -18 73 72 -78 -82 -42 -53
13 -8 23 89 96 81 -29 -43 -54 -7 57 42 -29 -10
1 -75
13 -33 -16 44 -40 -80 -52 1 -25 73 71 -79 -35 -68
12 -87 52 82 71 -99 -17 58 94 93 -43 52 -82
4 23 -25 93 -28
4 -99 -93 44 61
2 47 22
11 1 -70 -14 91 72 81 27 79 -53 32 86
5 -71 39 71 -51 76
14 -73 -89 3 25 -57 48 -17 83 -42 -25 79 21 100 59
2 -72 28
6 28 -48 -3 49 78 -15
8 67 -85 76 17 76 -34 28 -37
13 -22 -8 -49 -35 76 86 30 -96 61 -26 59 71 52
13 89 63 -76 -54 -72 -8 -98 -20 82 73 99 -50 63
10 -40 -56 -50 -97 62 74 90 11 -15 50
11 -36 77 80 -70 20 52 21 -86 38 -49 72
2 -35 -7
10 -19 -88 -25 67 -76 21 48 94 84 57
11 28 64 49 64 74 -69 -2 -27 -13 -68 13
9 91 -60 -39 -74 15 56 51 83 -37
10 -9 -82 -99 -74 31 -34 31 43 -54 -15
3 -44 -33 -10
13 -70 -41 19 6 69 -38 -84 38 93 -16 -88 -60 32
10 25 90 96 22 -83 9 -37 -41 -19 87
4 -5 -40 94 41
10 15 -26 28 -71 -56 -82 -52 -3 -72 -22
1 -3
13 66 -82 -42 39 -48 -36 38 18 6 -50 50 -82 -54
14 -68 98 52 10 88 -91 100 -56 96 -87 -23 -27 73 -8
4 -35 -6 -2 84
2 19 60
10 96 -5 -86 -33 -26 -29 -62 77 -85 29
7 -23 -82 -49 0 -5 93 -25
11 100 -65 -33 -44 -89 19 99 47 -48 -86 87
2 42 46
10 -61 56 -69 -2 -50 -94 78 60 17 -38
6 29 -42 1 -29 -2 64
4 18 67 -9 -40
4 -62 6 -93 -50
9 89 -41 70 -56 63 90 97 29 0
13 94 -90 77 -27 17 94 -11 43 -14 -83 -2 -48 0
8 18 -79 68 73 -44 45 -51 -67
6 9 -88 39 -96 -37 -46
10 84 33 -1 10 64 44 -89 -52 45 2
11 3 82 68 66 -70 -99 -51 -47 -18 27 -69
7 -94 -6 -46 21 76 -62 30
11 10 -63 36 -68 88 -75 71 -37 14 31 -68
12 42 96 7 -33 -33 59 -33 -96 52 -11 3 32
12 10 -62 -77 4 57 -81 22 51 40 -50 -75 -12
10 28 17 -81 -7 61 56 -58 72 37 82
4 34 60 -8 -8
12 -28 -13 96 -32 66 49 90 17 -64 -52 88 26
9 -92 94 97 -43 99 -81 -94 -27 92
8 80 92 -48 2 -71 91 -11 37
14 1 61 19 30 18 -81 -78 19 38 17 -89 57 -24 -96
12 -85 -36 36 96 -95 32 66 -62 41 -36 -66 -23
7 81 -31 -60 1 -61 78 -70
6 31 -52 -2 96 67 62
3 46 -58 17
3 50 29 43
4 66 -29 -59 48
12 -68 -31 21 -13 31 85 -38 -83 98 47 -72 15
4 46 -55 -72 -80
5 -13 52 -69 62 89
1 -8
1 -57
3 80 -25 30
13 -71 -7 67 59 -90 -3 95 39 56 -19 -56 -27 86
1 -97
9 -30 55 -75 74 95 -62 76 -34 -33
2 55 79
8 -78 -12 53 -39 -60 73 79 46
1 37
8 63 88 -95 -96 52 -39 -68 13
12 61 14 57 -54 41 97 19 -58 13 18 -4 62
12 -55 59 99 -75 25 56 -56 88 24 79 35 -39
2 88 -47
6 9 48 -95 -28 -62 81
2 62 40
12 -33 -18 4 4 -30 4 33 52 99 73 -88 -45
12 46 -14 -9 -44 -7 -69 -67 77 2 38 13 72
11 7 -12 33 -24 -98 -2 -34 31 -11 97 -66
2 -84 18
7 92 -45 77 82 -52 -8 -95
14 -33 -31 18 81 -33 29 -5 15 -53 -57 -49 -51 70 9
2 -79 -62
10 13 97 66 -40 -25 -23 90 -15 68 -29
7 20 31 -53 62 95 48 -10
14 -83 -50 50 30 96 84 -87 -100 -6 -76 96 82 18 26
11 82 74 -15 91 -35 60 -80 -79 -1 -29 18
12 49 -49 66 -5 -60 -38 67 -36 36 20 54 95
3 28 68 16
10 -77 -35 15 71 52 -29 -77 10 45 -32
5 68 63 -34 100 99
12 74 66 -26 -73 -32 1 -51 -95 61 16 -46 -26
2 79 -70
13 -11 97 49 42 74 -36 -96 39 89 -48 -59 32 12
8 -28 67 12 -68 76 -89 -65 95
10 -58 61 -18 -20 36 -80 -58 -37 22 21
13 -96 90 -100 -31 -57 -59 -92 37 -86 -72 -57 -22 14
3 -40 91 95
3 93 28 52
12 -49 55 -34 -71 -7 -52 71 -9 -92 4 35 -38
9 -38 -11 84 -14 -26 -17 -65 -18 -48
2 -51 -51
10 -25 93 -4 66 -14 -22 -39 80 -47 87
4 96 -5 -8 49
1 -69
4 -78 35 -90 17
7 -5 37 -58 2 48 9 -16
13 -45 -59 67 54 -69 -70 76 77 59 71 60 80 51
2 -39 -10
4 -36 57 -65 -44
9 -97 -87 87 45 -44 -77 65 36 -64
8 -98 -70 7 -78 25 36 -87 25
14 -49 -87 -79 -42 40 50 11 -85 26 14 92 -47 32 -70
1 10
4 -86 96 78 -14
6 -39 40 -39 2 91 16
7 -14 70 -55 -85 45 -11 20
1 35
11 60 65 63 20 -75 -70 96 70 84 -69 62
14 25 -13 64 40 -91 -54 60 -98 32 -37 10 27 -94 -31
9 -94 -79 -67 -97 -26 93 -39 -30 -29
12 -79 22 -25 16 36 -31 63 -74 -48 26 47 26
3 97 -66 81
12 -84 53 -70 21 96 -58 3 87 74 0 25 55
3 55 -43 30
11 -43 64 -44 -79 -9 53 -8 73 76 73 -84
3 17 30 100
14 44 72 78 -21 12 81 -4 -27 97 14 8 -10 13 -46
1 -51
2 61 -61
12 51 -36 9 40 -49 -100 -2 -6 15 31 5 -14
1 -55
11 93 67 38 -40 42 60 -4 -39 29 41 15
6 88 -26 17 -75 99 13
6 -99 -2 55 -70 40 99
8 83 98 -91 52 -64 76 5 -96
9 70 -39 46 80 -55 -41 -27 -6 -36
10 -13 98 -48 94 -96 51 -38 6 -96 -54
13 62 63 72 90 26 -13 5 84 31 -24 61 17 2
11 -66 99 -56 93 -10 5 -16 27 48 -47 67
12 78 75 -28 -36 -86 14 2 74 -63 90 -39 -70
1 41
11 -42 36 76 79 -21 4 43 61 -86 -7 58
8 41 -32 -56 100 -34 -40 -86 4
11 -48 0 -48 -84 -98 3 -46 96 32 15 11
13 -84 -72 -83 -49 96 99 96 13 53 -83 56 -86 -55
8 -7 1 -1 -41 40 96 -43 39
10 81 45 -73 75 53 -49 -40 -39 40 -83
1 49
9 -7 74 -29 -6 83 -20 -75 89 23
5 60 82 -49 73 29
10 -8 92 17 -97 -78 -59 4 100 52 -53
13 -74 -61 83 45 -91 38 82 -93 -90 78 34 -7 -67
6 -82 -57 58 48 -82 -66
13 90 13 1 -45 -39 -58 35 93 -58 -78 79 -81 -53
14 77 -24 -47 -87 73 64 89 59 81 -17 -98 -7 -8 2
11 -57 -47 -49 58 -57 -81 56 47 -6 87 22
10 -70 -45 -85 -20 -43 -51 -71 26 69 -84
10 51 26 2 94 46 -20 89 47 -58 -1
14 80 55 -71 4 74 -64 -23 -96 27 -83 -89 -25 63 -71
12 74 62 -99 -69 46 90 -56 -95 11 80 -39 72
6 -37 -57 -78 -19 94 30
1 7
13 66 -46 41 -7 45 93 0 -35 -31 -66 92 25 6
10 -51 -28 44 59 -23 91 -67 -56 94 -34
1 -45
7 7 85 93 -9 -79 -73 -16
12 -65 48 7 2 49 -58 -80 54 -6 -59 2 69
5 70 34 -20 27 36
7 -49 -85 -22 -78 -12 -19 95
2 -58 99
1 -85
12 33 -35 74 64 -2 -49 81 36 -97 52 51 -62
13 34 -9 -80 -77 84 16 -70 -87 25 44 55 -87 -94
1 -39
10 -15 -5 -9 -5 8 5 -4 -60 -21 37
13 29 81 99 28 -85 1 68 -77 -26 76 41 -88 -95
14 -60 -38 48 -69 38 77 -51 -85 65 -66 75 -43 4 -71
2 66 -6
5 -15 -83 -3 -83 -71
7 2 -68 100 -17 -92 70 81
2 25 32
14 -44 40 23 33 55 -44 61 77 -38 -19 -98 -91 -71 -42
14 -64 31 92 -95 -66 -43 -79 99 -26 -67 -42 -81 70 41
9 1 37 -68 4 65 97 49 97 28
9 -56 -76 89 10 -47 -62 80 -12 57
2 10 23
9 -51 8 16 34 28 77 -41 -34 -61
13 100 -27 -79 -16 -42 3 -95 -64 -39 -9 -71 -31 30
9 -78 -86 -20 -4 -40 -28 -63 68 11
9 -18 -48 68 90 63 -97 -35 76 -14
9 76 71 77 93 3 90 -39 -45 -33
14 -79 -50 -98 1 -85 33 99 53 44 89 8 54 -24 -74
6 13 -53 -95 -44 -42 64
8 39 -56 -55 -28 -10 6 -76 60
8 -68 66 40 54 -52 -79 94 -31
6 -28 -34 47 37 42 -26
1 39
3 -96 81 85
10 44 88 -60 -87 -48 75 34 -40 -97 -26
8 98 -97 -43 -24 87 -100 0 -29
8 54 37 62 -22 69 -85 61 -57
10 -82 86 -41 -70 -7 -83 -32 20 47 -66
8 43 -33 39 87 79 -18 -74 25
8 -99 -77 6 -24 58 -1 -89 -46
9 96 -1 -93 31 15 22 21 0 39
9 26 -98 92 60 12 72 -8 -40 -49
10 57 -89 29 75 0 -21 9 5 -61 -76
12 -8 78 -64 -91 -16 -63 -33 46 75 1 -81 96
4 -95 84 -86 -68
3 69 -10 38
6 56 11 18 62 96 -78
10 -9 37 -73 -97 67 -67 83 -73 -56 85
7 57 16 6 16 -19 -11 91
8 96 78 26 -69 -23 18 -90 67
4 76 6 -65 -20
14 18 -41 -55 38 27 -99 10 -52 -10 57 91 11 -26 53
11 -17 -68 -65 6 -45 78 -26 48 56 73 -53
6 -74 -8 -61 -51 -45 -30
2 14 80
10 95 -29 74 59 -47 5 32 27 -72 -97
7 -23 -94 -12 26 -85 -15 -8
5 91 -23 -90 20 -13
12 -73 -16 -45 0 82 5 0 77 -55 61 5 2
2 44 16
2 -17 -50
4 92 76 -46 83
7 -57 -65 43 50 25 86 -42
14 -35 -48 -34 -32 31 -55 -37 -88 65 77 90 -25 92 -65
10 67 -42 93 -51 34 -19 -70 -44 -49 27
4 -32 20 24 -35
5 89 -85 57 -55 73
6 -54 -36 -55 52 -96 -92
4 0 -91 29 -76
7 82 -49 45 -77 67 -45 -6
8 6 33 -76 -42 26 -54 -20 22
3 -27 20 -96
13 47 -10 20 -50 13 41 65 88 -28 28 -68 50 -75
2 16 -11
8 -23 52 59 -41 -46 -8 -55 -67
14 -88 -6 85 74 55 -58 -100 -78 75 23 87 -69 -8 -90
8 46 15 -54 -28 -32 43 41 66
4 14 82 1 78
14 -71 23 -33 27 -79 46 64 -94 17 68 98 -67 -28 -37
9 -28 -58 61 -81 -70 -59 -64 -55 -87
8 44 91 -55 -70 -31 33 42 89
3 -65 -16 -9
5 -10 6 -56 -82 -71
6 55 27 80 -93 58 -9
7 -4 17 9 -66 18 -79 85
9 -59 76 15 -74 44 72 -66 -74 2
7 -71 33 -12 -38 72 -96 6
2 -12 -50
8 57 44 -53 -66 -9 -89 81 26
14 33 43 89 -9 25 27 -98 32 75 58 98 -46 -89 -73
6 37 -2 -22 6 -72 -84
10 39 58 9 -78 44 80 -74 -91 -77 40
14 -75 74 -7 37 -26 45 41 -57 97 66 95 75 -16 14
7 9 -25 -45 -67 16 60 94
8 -56 5 35 -74 76 -79 -20 100
11 69 -34 -1 28 -17 -14 96 -78 -93 -89 81
2 79 -3
4 48 -14 -79 92
6 -76 -4 -90 -73 81 5
14 -91 -23 -40 55 18 98 36 -47 -72 29 -56 -87 12 1
10 71 39 63 -53 -40 -84 -32 -27 -54 94
8 98 -11 100 100 33 -25 -53 -97
12 92 -94 -88 -52 16 -2 67 23 -81 70 -33 7
14 57 -55 -43 35 54 -38 -27 69 4 -14 63 -77 26 88
14 -44 35 100 -1 -95 -22 69 -39 -35 53 2 23 72 -13
9 20 73 74 -92 42 -52 -60 59 -24
2 -45 20
13 22 -64 -62 14 54 -38 -68 59 -95 -72 10 -77 2
13 -65 34 30 -83 15 41 -81 -42 -86 82 -22 -90 30
8 -92 81 20 47 -94 95 5 -91
8 69 -51 34 26 -77 28 73 -58
7 -93 50 -9 35 17 46 48
10 78 65 -80 -70 -99 -45 58 43 -70 46
5 -2 -83 -32 -3 40
14 -44 -74 -61 -99 64 22 -11 -55 -57 59 -25 -73 -16 -71
4 87 67 81 18
13 11 -57 59 60 48 -37 4 -25 44 -33 96 98 -48
9 23 64 -91 95 -30 43 95 60 13
7 20 47 45 7 71 98 30
4 23 36 92 83
7 -16 -92 -55 -8 -81 10 -47
2 54 49
4 46 32 -59 -37
5 -62 56 85 -98 -96
9 60 -65 -91 70 -19 6 14 34 41
12 98 -54 56 53 71 94 18 -64 -20 -52 -31 97
7 -17 26 -60 -41 69 -3 -29
9 -16 49 23 -7 83 30 -19 -24 -58
3 -15 -73 2
14 72 52 1 81 46 79 90 -64 63 -92 -90 -61 45 98
7 -39 -37 -60 -86 -70 -9 -70
12 0 -49 52 -5 -7 -29 18 -2 1 82 -92 -69
8 70 -7 75 34 -46 76 88 -37
12 62 74 -12 6 18 -5 47 -16 29 36 -61 -70
8 -66 -80 -91 24 -91 46 -94 -86
3 -54 7 93
14 58 -23 -1 15 -64 -13 70 -3 -62 28 33 50 96 48
5 84 -36 -88 97 27
9 -9 -73 -50 60 -31 -47 -9 -41 -60
7 68 47 -76 34 -58 65 -4
5 -26 -26 -51 -16 33
8 -87 -78 -71 64 85 0 -100 79
6 28 -34 22 85 -63 38
11 60 93 -90 -65 -19 -28 68 -85 -85 82 -24
5 72 92 47 51 16
8 -65 96 34 81 -83 59 22 -65
3 -16 57 -19
1 24
6 -81 92 -100 -67 13 -82
7 60 -80 33 -12 -89 -23 -59
6 71 95 -90 -23 -62 -47
14 10 15 -10 6 62 94 41 38 92 37 -28 39 10 -49
8 -22 -68 57 69 4 1 -42 -97
13 -11 100 -67 -90 -94 -27 49 -38 -66 50 46 -45 30
7 68 -28 -54 -66 16 29 -19
11 -72 76 90 12 -59 2 -44 -94 -60 80 -47
1 60
13 -61 -96 24 32 -9 -9 76 -45 -46 -68 49 -43 -86
6 -81 -30 20 61 -93 -29
4 -69 61 -13 -58
2 -22 -71
2 20 11
9 6 88 -61 -60 -79 -20 -34 82 -47
5 -15 -54 96 -68 91
9 -15 76 -2 -26 -70 -77 88 -52 -90
14 -70 91 50 11 37 24 -88 79 85 -32 19 77 -71 54
3 91 93 33
9 24 36 25 8 -3 96 -53 19 -30
12 -69 90 20 -87 -79 -84 -20 -81 -92 -78 26 -19
14 -50 10 98 33 -1 52 6 46 -53 4 -14 -6 98 -29
11 83 -26 -37 45 18 -24 -11 85 -71 34 17
7 -62 -35 75 -61 40 -34 24
12 27 34 -47 -14 -24 56 2 -95 27 -85 -68 18
7 -91 88 76 -54 -71 33 8
7 -7 96 -65 26 58 -53 -88
14 64 41 -49 88 -81 -41 -92 -54 67 41 54 65 6 15
1 -38
3 11 1 79
5 2 64 50 -49 89
10 -77 63 -13 64 -18 17 80 90 -87 -75
4 62 25 -79 51
11 91 -19 -51 28 21 71 -89 63 40 32 -46
14 98 40 -29 21 41 -68 -94 -24 92 -16 58 -68 35 -20
1 -33
3 -67 33 -70
11 -89 47 -88 78 -11 40 28 83 47 -77 16
6 -43 -1 -64 21 73 24
3 36 65 -8
8 41 84 83 -53 -99 -18 -100 -5
2 -58 29
9 50 72 -40 -21 -86 72 -52 -29 -17
3 -80 44 -45
5 55 -94 -90 -53 -26
7 -48 -84 -46 -49 -48 -88 56
1 -64
8 -10 100 -6 85 -80 -88 87 15
2 -17 31
7 -3 -50 -23 -44 91 -17 -60
9 9 -88 41 19 30 -41 28 -52 -5
1 -13
10 45 76 -82 -39 61 -52 -16 40 88 -64
14 -55 -46 -22 61 66 43 -58 -91 92 -21 -10 20 -5 26
2 -90 77
8 -11 -21 -52 78 -6 -30 10 22
5 52 1 42 -78 90
11 45 -30 37 -18 -4 52 -67 -37 78 -24 52
10 52 -78 -65 52 64 -66 -41 21 -22 -66
5 -98 -63 12 -42 2
3 64 -24 87
9 88 -40 53 35 16 77 54 -25 -17
3 -37 27 -86
10 0 54 -40 16 -38 35 8 -22 83 24
6 31 33 -22 85 41 26
9 11 -57 -90 35 -55 -52 86 51 52
10 -85 47 -34 52 15 -56 0 75 -81 -82
7 -56 -45 7 96 37 -57 -34
14 -24 -10 19 -61 -63 40 73 -32 -98 -39 -43 -75 56 74
3 -59 -80 -47
14 -89 -86 -73 94 62 70 -95 100 2 -19 47 89 13 19
1 41
12 -60 9 15 41 37 -67 69 86 -78 -14 2 -84
2 51 -23
4 -44 77 31 -59
4 79 0 24 -74
13 -67 81 -51 -53 -27 9 -9 46 -79 -65 -19 45 24
5 81 76 -92 -6 23
2 -79 -12
10 -68 -18 -47 18 -10 -86 -86 -31 65 85
9 87 -59 12 -63 -25 44 47 36 -77
9 -17 -54 -48 36 7 89 -100 89 -14
3 -86 -67 -1
3 3 -69 -63
7 43 -36 -89 73 -99 -40 51
12 22 -21 32 -43 -8 48 -22 -18 -9 28 -32 -55
10 -69 -89 38 97 -24 -74 9 86 -49 53
4 -59 17 -14 76
11 -82 72 -38 93 84 -76 -84 55 51 -58 -19
14 79 59 -83 -9 -58 -81 -40 -17 31 4 -98 95 72 -62
5 91 100 66 25 -77
10 -39 -45 15 62 -42 -34 -77 2 -90 6
6 83 -65 -19 -93 0 -57
13 12 -63 63 36 30 84 -26 100 -40 -69 -92 8 -15
2 91 78
5 89 -38 -34 -34 -17
8 48 47 5 48 -77 -11 -55 2
10 72 6 -70 86 14 -41 31 -62 73 -81
12 -71 24 18 -76 74 74 4 -47 -3 76 40 18
6 93 91 41 -37 -61 -16
8 -78 76 9 17 -56 -77 13 62
5 -17 -71 76 -91 18
10 24 10 58 -79 -47 -28 99 -21 88 -93
5 28 -40 -71 22 -95
4 -63 3 2 -57
8 -27 -52 -67 -20 98 -94 77 87
13 -43 44 78 -16 21 -25 -2 23 -8 9 84 -54 3
10 77 36 56 6 -56 56 86 -81 -53 -79
4 -14 72 67 47
12 27 -57 -14 -67 -23 93 -47 13 22 -9 26 73
4 57 45 96 65
4 -48 82 -94 98
9 -64 -30 81 -94 73 -71 -23 34 -39
3 -40 -66 -65
13 56 34 71 -2 65 -3 70 49 17 75 -41 -11 -27
11 -99 -90 19 -44 -3 -44 96 -36 -79 95 -32
3 89 -88 -92
14 -20 96 -10 53 -60 -99 77 -1 94 -96 93 62 42 -50
4 -96 42 -42 -26
5 81 92 -43 -10 -32
12 16 -17 94 72 97 45 -97 -80 69 55 4 -65
11 92 -89 2 -20 53 -45 77 21 41 -14 -33
11 -92 -24 -17 4 -89 -63 74 -58 40 75 12
8 58 24 -16 96 -30 40 -100 -97
2 -5 62
1 -28
13 -91 -88 85 -99 -23 -49 5 61 52 -86 51 47 -34
6 -71 -66 -9 -88 87 -42
12 -79 -4 22 43 77 -2 -80 -53 23 2 58 16
5 -1 50 -55 84 -67
6 -62 -88 86 7 -95 -45
14 -39 79 71 80 23 -37 51 -12 -86 8 -97 -23 -68 32
2 -7 40
9 -40 -87 -8 -41 55 85 52 -88 -37
3 29 14 98
11 51 -34 -85 -44 18 30 15 77 80 65 -79
11 -3 2 27 66 16 -18 66 -71 -22 8 22
13 77 40 -19 -12 6 -44 55 -69 76 -41 66 -7 40
11 2 58 70 -91 16 49 -46 70 31 17 -27
10 -29 -83 -51 0 -3 -17 -68 31 24 62
4 93 62 28 -86
14 98 46 85 -9 39 10 38 40 13 -88 -57 -38 -27 98
6 43 -87 -96 -50 -20 25
12 -45 -1 84 38 -92 -81 1 -57 31 11 -87 -64
14 -46 -1 58 -86 -15 83 -10 3 -76 59 50 85 -6 76
3 -90 95 2
12 85 76 -97 31 -100 34 8 38 92 -25 -33 56
12 -47 -7 8 41 96 -61 86 56 -66 -58 56 -38
6 -15 96 59 19 67 51
2 23 -29
8 -16 -35 53 -59 -58 70 55 -39
4 -91 -20 -62 -52
14 39 -24 -75 67 -84 -10 65 -97 -97 13 -88 -67 -9 100
13 5 -87 13 -68 -40 -46 -46 43 -93 -82 -16 -4 74
2 -9 -49
4 -14 14 -71 -72
2 -12 -66
10 48 -28 81 -45 10 74 5 22 -87 95
7 -19 -29 44 27 100 47 18
8 20 -6 -23 -31 -69 -75 -97 75
11 -64 50 -91 10 -27 57 87 -90 -14 -97 17
1 79
12 -36 -90 9 56 -60 92 61 -78 -39 33 -46 -25
6 -83 -58 -72 68 47 -8
3 -75 78 -18
11 -86 -54 27 16 -67 19 76 26 50 -57 9
12 3 -61 -64 -58 4 -83 -17 -65 98 77 77 -56
13 -96 -50 -79 -92 40 -85 -49 69 -78 99 92 58 73
12 -26 13 8 -31 -75 46 -74 -10 73 -18 -4 52
3 0 60 -98
7 65 96 -66 87 -20 90 -36
3 -66 25 -9
11 81 -85 -84 -69 90 -60 -79 1 87 -56 80
3 -80 -91 -8
1 -78
14 -60 -9 -56 15 92 16 55 23 60 -70 -4 -47 -46 -5
3 31 4 -28
3 95 -51 35
12 -90 7 -75 -40 26 59 97 -54 32 50 -33 23
7 27 64 37 66 74 -58 30
3 72 -59 -37
9 3 -70 -5 -58 -28 4 -7 -36 -73
3 -79 22 -32
2 -47 32
6 23 60 32 -11 32 37
6 26 -93 -95 -95 71 69
9 -74 96 18 -34 91 -44 -37 65 51
3 79 -87 97
5 -30 15 75 75 56
2 -88 64
7 -59 96 84 80 -13 -76 -67
2 17 -27
7 19 -61 42 -88 28 -59 -57
7 -84 -40 -37 -43 72 -2 -79
11 -72 -10 -94 -18 -24 47 23 -53 -100 -68 -28
2 37 -76
1 -13
11 13 31 96 -12 11 38 17 34 -46 69 74
3 -38 -72 -34
3 97 -5 -83
3 33 -52 68
3 92 -66 -53
2 -33 53
6 -82 -7 10 5 -98 48
7 30 0 -100 -35 -100 -45 -43
10 51 85 -8 93 92 -54 -21 -8 40 44
12 40 73 -45 -6 67 -3 17 -26 47 -22 93 31
5 -89 -23 90 -80 -30
11 39 30 14 -56 -87 31 -27 9 -44 93 3
1 -73
10 -11 -36 46 84 75 31 -65 -65 0 -48
1 91
14 88 -96 -65 49 83 40 -49 -77 -18 -1 -48 63 -57 27
2 38 -54
2 -92 96
7 -33 -63 -62 -14 -36 -31 -92
2 100 59
7 22 31 -85 -49 97 -6 -89
10 -91 79 -76 -86 47 50 -89 -31 -45 -18
14 23 -47 -16 82 -17 70 41 -12 -33 11 -100 59 56 31
3 95 -58 22
11 -29 0 2 72 -62 -81 77 78 -1 -34 -65
9 68 56 74 -76 -9 -75 41 21 -67
2 -65 81
8 -15 -52 -14 21 -86 99 96 16
13 -99 -6 90 -81 78 -41 75 -61 -100 38 31 -79 94
5 -45 49 38 73 61
13 -3 -19 -11 77 -30 51 -34 23 40 72 -56 -84 29
1 7
4 -55 -75 -22 -52
11 12 -92 -15 59 46 90 -32 -50 53 -40 40
4 -62 -24 66 59
10 -88 57 22 86 73 64 -44 -47 25 79
6 19 -39 -9 77 -17 -41
11 85 43 -81 45 47 -89 -71 -87 -60 87 -75
10 -50 4 -38 42 94 -66 -52 7 45 94
7 -72 55 65 82 10 -43 -45
10 -10 -52 10 -8 -18 -32 92 -11 -39 -91
4 13 -57 -51 93
12 65 -24 23 -75 18 8 -38 -62 -31 42 79 39
5 -44 6 -78 93 -95
4 82 35 -90 -74
1 -83
12 34 28 7 -73 66 5 44 54 -63 -16 -86 -66
4 -90 46 5 81
2 86 -69
4 -69 -99 84 -7
13 -16 48 57 42 -42 -43 62 -10 -84 -82 -37 2 -59
1 62
8 69 86 -93 -66 70 -18 77 89
10 -95 -16 74 2 60 -13 53 -27 -74 -3
14 -89 -75 -59 -64 -85 -62 96 -90 -33 89 -21 -70 -19 86
6 -45 -16 96 70 51 -10
1 -40
3 32 99 85
1 86
4 -30 63 43 42
6 -81 -6 -39 91 42 -21
14 57 67 -99 -71 -5 27 -29 -72 55 -18 95 3 -90 43
6 -70 53 -45 -65 -83 87
4 59 -81 23 5
5 -65 49 2 66 55
5 -26 36 -23 39 -88
9 -65 23 62 57 14 0 -92 3 -60
2 66 97
2 -43 70
7 46 7 92 71 -25 -12 -69
8 -89 -36 -73 -85 -31 -80 -92 -50
10 -41 95 30 16 72 -16 28 2 46 -13
1 -15
14 75 15 -18 -7 83 -32 -33 -8 92 77 -71 -96 8 28
4 90 27 -63 25
6 93 -89 69 74 -19 -64
2 -18 18
14 -4 39 1 -3 -48 65 -89 -53 -44 62 46 12 -36 35
4 -10 -61 86 -5
11 -40 23 99 -72 17 42 -65 -21 79 4 72
9 -61 -62 -65 -61 48 78 -76 -80 -28
13 97 50 -37 96 13 -13 28 -63 58 -78 -31 89 -32
1 58
12 -4 48 -41 53 88 11 -61 -56 84 -18 28 -99
13 -71 -3 31 52 100 -73 23 7 -82 74 -18 -12 -20
2 -7 -30
9 -23 -83 38 86 38 52 19 64 85
9 -22 87 -66 -13 -30 -18 2 -23 43
11 -66 -53 78 55 54 34 66 54 68 87 8
5 -92 -32 51 65 -83
10 39 46 45 92 53 79 63 -19 -4 16
7 96 -84 -71 -79 -14 9 -9
3 10 98 89
9 -89 -14 22 -35 84 -57 14 76 24
2 -65 37
7 81 20 -22 -65 -26 -83 2
11 45 -45 -96 60 -6 72 -47 -78 2 69 -80
5 43 -52 34 -38 -62
3 61 23 -72
10 72 -1 -61 5 -79 80 -50 -92 -40 -26
6 95 -43 77 60 -8 76
9 21 10 36 -81 -79 64 -42 16 -13
4 84 46 44 41
14 -34 24 -15 1 44 -15 -31 17 -61 -84 80 31 -62 45
4 -82 51 -82 -5
2 -38 -6
4 -42 -64 -50 -24
8 -14 -75 -74 78 99 68 -42 -10
5 -43 12 -29 73 -1
13 -51 -57 6 11 -88 -41 -26 -76 -64 60 44 -28 24
9 17 -78 52 -56 44 49 94 37 97
3 -67 -68 -42
14 -2 22 -12 -59 -11 -11 16 9 35 -29 -17 -36 15 -71
3 83 -95 25
7 15 -35 8 88 100 24 -91
5 48 -55 85 -95 17
6 -95 50 -93 -91 -51 -25
1 47
6 58 -90 16 75 -61 22
8 54 -26 -58 63 56 -47 -80 -87
7 69 -32 8 -89 -67 -64 -8
2 65 91
14 -86 -3 -96 73 -69 39 10 -39 1 45 6 -2 66 27
14 -94 -35 -27 82 -28 54 85 82 -36 18 -3 -63 -61 83
1 49
7 -53 15 -43 14 -89 79 -48
5 1 69 -10 -39 24
1 67
11 0 87 -85 -25 59 28 -1 -59 0 70 54
5 99 71 -31 -53 -79
7 -98 -67 77 47 69 77 -32
7 94 57 -11 -28 54 -6 36
2 88 73
7 -65 -33 -75 41 -68 66 -11
1 16
14 -80 91 55 -31 54 76 -61 -68 23 -15 19 -43 77 -93
3 64 -99 -85
3 9 -15 54
9 95 -30 -85 6 90 85 -85 25 -77
6 -89 37 -58 -11 59 66
3 59 -70 -38
13 -2 29 24 -8 66 -98 85 30 -7 -56 -45 -87 7
14 -88 4 -23 1 -27 -33 98 31 -67 -54 -100 58 53 36
13 70 58 95 -50 94 -56 -1 3 31 -35 55 -48 -93
6 19 20 75 -98 4 -15
8 43 -2 -96 91 -34 59 -73 16
8 40 -82 71 64 -12 47 -72 -36
8 71 -58 -70 -81 90 31 -24 30
14 86 37 56 -2 68 -37 34 -95 -78 -12 92 -22 -37 -82
14 66 -8 -42 77 -43 67 46 50 -89 69 34 20 -11 85
4 27 -82 -4 4
8 80 -99 -51 -64 76 -39 60 -2
5 9 51 -79 -46 88
9 -61 -75 -77 87 13 40 32 -48 73
12 -56 -77 -79 -70 -49 -98 20 56 -78 -42 4 65
9 60 86 27 -21 -55 33 24 -1 5
5 -33 13 98 85 23
8 -27 -39 99 -37 36 72 -8 94
14 -37 -82 92 54 -18 -29 -70 93 -4 88 -22 26 -58 -27
5 -4 -32 60 -59 -6
5 -89 -41 12 -95 -59
3 38 90 34
6 9 1 34 69 28 69
13 85 80 -83 82 14 36 -12 -27 32 -38 -7 -50 13
14 75 21 -61 -8 57 -3 19 32 19 68 82 -82 7 -59
6 -15 88 -52 100 -43 -13
13 -23 37 -61 73 7 -34 -99 -39 21 -32 54 -62 -2
11 -77 -86 44 44 -50 -31 -17 -36 0 -58 -78
6 -78 -16 -34 88 82 77
11 1 2 -27 -77 -92 -22 -20 56 96 86 -96
8 9 -41 90 16 2 23 76 -19
3 -65 -96 -23
8 88 78 75 43 19 86 -53 36
2 54 -4
4 56 60 -97 13
7 47 -78 -5 -52 100 -24 -27
9 8 -13 52 -88 71 -7 -31 -40 81
11 21 -39 47 15 -53 -57 -34 26 17 -89 23
2 41 87
14 -35 29 36 86 39 -79 -62 44 -93 -45 -11 45 94 76
11 -78 -42 35 19 -6 -62 76 70 25 26 55
3 68 16 16
2 86 23
13 92 -48 27 -45 71 -65 42 89 -53 13 91 72 76
12 87 -80 42 -81 84 75 0 18 -19 -38 -24 -43
12 97 -50 -33 70 -29 -51 -9 51 78 -77 99 80
10 -75 -81 -100 -28 74 -56 -43 -79 31 -8
10 -88 -27 -12 88 -82 53 20 100 -30 22
4 70 -21 -37 41
6 23 46 27 -89 -40 1
5 -72 -77 66 -80 -64
10 -78 -62 -45 91 57 69 -75 -77 45 -50
13 20 49 34 -18 40 60 -83 -73 42 34 67 14 -99
14 -38 66 -29 42 -85 -22 -15 -1 57 88 11 -22 46 71
6 50 25 -10 -33 42 9
3 62 87 15
8 -96 -63 57 64 78 74 40 -92
6 27 -5 22 46 83 24
11 1 94 -25 -99 -32 97 80 82 49 51 -64
2 -47 39
6 48 -98 34 79 -75 30
9 -69 -51 -25 94 97 17 17 -47 81
8 -85 18 -6 -27 -94 -29 -89 20
12 -37 78 34 58 61 36 24 37 55 -94 64 -70
1 19
7 43 -48 21 98 51 -85 24
6 -83 -4 100 52 78 1
2 24 -79
4 -28 23 -79 45
3 77 35 -22
4 -71 -39 40 64
3 15 -33 51
4 -95 35 38 0
7 -79 -54 84 -19 55 -2 26
6 -95 33 7 -77 13 -38
2 -55 8
14 -20 -75 -9 -1 63 -53 -61 -82 10 -31 -94 65 100 40
14 80 18 -77 -57 -91 26 88 -63 -73 -88 59 -57 22 -8
9 20 39 45 41 16 -87 0 4 -89
1 88
11 85 22 -75 86 28 100 -6 42 18 -93 -61
4 87 14 46 -71
11 -47 70 66 -97 71 -23 -43 -63 79 -43 70
1 -97
13 -70 50 -15 -16 71 11 80 -54 81 -10 56 -32 87
4 99 -79 -27 95
11 65 -47 20 -56 -6 -74 -73 -77 -9 -41 69
12 23 92 42 10 61 -41 -37 -44 -1 10 98 -36
2 -5 27
3 34 31 -15
2 -78 -78
2 41 -78
12 -93 53 38 -15 -34 91 82 -22 30 -85 63 26
6 -57 70 22 -78 23 38
3 -28 71 79
9 -33 93 69 -1 -68 2 -21 -41 -71
10 -58 -2 84 -76 -7 68 -62 88 -42 71
11 -78 82 -81 5 -13 -47 -78 -55 -74 -58 94
9 69 47 -53 49 -58 -19 39 2 21
2 -45 96
14 46 50 35 89 38 6 -28 33 -59 -77 20 -23 -77 68
3 -69 -89 85
1 40
13 39 22 42 -67 -2 71 -90 -92 -54 -96 34 -85 45
8 41 61 68 -40 93 -56 83 -22
9 18 -45 -34 43 61 77 -94 11 80
11 11 -50 27 -10 28 -18 -81 -43 66 31 70
6 -45 42 -96 13 -79 -6
10 62 51 -7 6 38 -83 82 55 9 20
14 63 -35 37 -10 61 -17 -95 80 58 -88 -26 46 -18 10
3 -46 -82 -89
10 81 -29 -68 -60 -91 -65 92 -93 -54 -41
4 -75 54 -64 -63
4 -56 23 -25 84
13 36 49 69 -89 -90 -92 -20 6 -34 -41 -70 -22 -29
1 99
2 -29 12
13 -2 32 -43 35 -14 -99 -56 43 71 86 -33 82 -5
5 -77 38 -73 -96 56
5 5 -17 61 -27 -18
6 -5 -85 -44 -56 18 85
14 -74 -47 99 56 48 59 59 -100 34 -2 -35 -51 -13 4
7 57 12 67 -6 -81 11 48
7 45 -87 37 -65 -12 8 39
5 81 76 46 21 -89
6 64 -11 23 24 -98 -51
13 39 92 -63 -61 84 -37 56 83 -7 68 49 2 -4
12 34 54 -21 -71 -79 -18 -71 74 38 -20 -77 76
2 -100 25
3 -17 55 81
3 61 79 -57
6 -5 14 -51 -17 -54 -59
7 -73 36 13 -1 62 97 17
9 87 -60 48 -85 -89 -60 61 -9 40
14 -46 88 38 21 50 22 27 -40 -25 4 -15 58 40 76
6 -86 -81 73 -80 -64 95
11 -34 60 77 1 -82 -47 -89 72 55 -69 -65
6 79 -64 98 -56 -67 59
4 -27 -26 21 -72
8 -51 -18 -16 -74 -80 -33 -3 -19
6 65 1 -57 -44 55 -78
5 -78 75 -6 -42 81
4 -75 -74 21 -63
4 -39 -26 -78 -96
11 -21 94 -11 -35 -13 -45 -35 91 88 -25 -86
11 13 47 27 -69 -14 -89 90 41 31 22 -81
14 13 -16 -26 -24 -77 81 -54 69 80 45 76 89 -36 -92
2 -7 -26
8 88 -92 -12 -22 28 -20 7 -71
7 -87 37 24 -72 -97 46 -69
7 -87 89 75 92 -72 -82 -11
12 86 15 91 22 100 3 100 -49 -71 99 -51 10
14 -44 -67 -93 27 -76 18 69 95 79 56 14 -36 42 -90
2 100 -9
12 -47 59 31 -8 -52 -7 -55 71 -91 -5 82 85
7 -67 36 82 5 -93 29 -71
1 -51
7 -21 46 12 81 53 11 -11
13 -69 89 -22 9 -39 11 69 -22 50 -62 -69 -3 -35
1 66
11 88 94 -5 19 -81 -48 54 63 62 -32 34
13 -6 12 9 62 -63 -7 -76 67 -13 -3 -98 -90 -18
3 68 21 19
6 -19 65 -15 -19 10 73
6 77 -19 23 21 16 -99
12 85 -38 -44 -74 -60 63 71 50 94 -29 75 -28
2 -58 17
8 -93 13 -23 100 -22 42 -35 87
